cell size(px): 10 10
full size: (14*cell) (13*cell)

ghost(red)
(0: #ffffff)
(1: #ff0000)
(2: #0099ff)
0 0 0 0 0 1 1 1 1 0 0 0 0 0
0 0 0 1 1 1 1 1 1 1 1 0 0 0
0 0 1 1 1 1 1 1 1 1 1 1 0 0
0 1 1 1 0 0 1 1 1 1 0 0 1 0
0 1 1 0 0 2 2 1 1 0 0 2 2 0
0 1 1 0 0 2 2 1 1 0 0 2 2 0
1 1 1 0 0 0 0 1 1 0 0 0 0 1
1 1 1 1 0 0 1 1 1 1 0 0 1 1
1 1 1 1 1 1 1 1 1 1 1 1 1 1
1 1 1 1 1 1 1 1 1 1 1 1 1 1
1 1 1 1 1 1 1 1 1 1 1 1 1 1
1 1 0 1 1 1 0 0 1 1 1 0 1 1
1 0 0 0 1 1 0 0 1 1 0 0 0 1


ghost(orange)
(0: #ffffff)
(1: #f47e1e)
(2: #0099ff)
0 0 0 0 0 1 1 1 1 0 0 0 0 0
0 0 0 1 1 1 1 1 1 1 1 0 0 0
0 0 1 1 1 1 1 1 1 1 1 1 0 0
0 1 1 1 0 0 1 1 1 1 0 0 1 0
0 1 1 0 0 0 0 1 1 0 0 0 0 0
0 1 1 2 2 0 0 1 1 2 2 0 0 0
1 1 1 2 2 0 0 1 1 2 2 0 0 1
1 1 1 1 0 0 1 1 1 1 0 0 1 1
1 1 1 1 1 1 1 1 1 1 1 1 1 1
1 1 1 1 1 1 1 1 1 1 1 1 1 1
1 1 1 1 1 1 1 1 1 1 1 1 1 1
1 1 0 1 1 1 0 0 1 1 1 0 1 1
1 0 0 0 1 1 0 0 1 1 0 0 0 1

ghost(pink)
(0: #ffffff)
(1: #ef5496)
(2: #0099ff)
0 0 0 0 0 1 1 1 1 0 0 0 0 0
0 0 0 1 1 1 1 1 1 1 1 0 0 0
0 0 1 1 1 1 1 1 1 1 1 1 0 0
0 1 1 1 0 0 1 1 1 1 0 0 1 0
0 1 1 0 0 0 0 1 1 0 0 0 0 0
0 1 1 0 0 2 2 1 1 0 0 2 2 0
1 1 1 0 0 2 2 1 1 0 0 2 2 1
1 1 1 1 0 0 1 1 1 1 0 0 1 1
1 1 1 1 1 1 1 1 1 1 1 1 1 1
1 1 1 1 1 1 1 1 1 1 1 1 1 1
1 1 1 1 1 1 1 1 1 1 1 1 1 1
1 1 0 1 1 1 0 0 1 1 1 0 1 1
1 0 0 0 1 1 0 0 1 1 0 0 0 1

ghost(pink)
(0: #ffffff)
(1: #ef5496)
(2: #0099ff)
0 0 0 0 0 1 1 1 1 0 0 0 0 0
0 0 0 1 1 1 1 1 1 1 1 0 0 0
0 0 1 1 1 1 1 1 1 1 1 1 0 0
0 1 1 1 0 0 1 1 1 1 0 0 1 0
0 1 1 2 2 0 0 1 1 2 2 0 0 0
0 1 1 2 2 0 0 1 1 2 2 0 0 0
1 1 1 0 0 0 0 1 1 0 0 0 0 1
1 1 1 1 0 0 1 1 1 1 0 0 1 1
1 1 1 1 1 1 1 1 1 1 1 1 1 1
1 1 1 1 1 1 1 1 1 1 1 1 1 1
1 1 1 1 1 1 1 1 1 1 1 1 1 1
1 1 0 1 1 1 0 0 1 1 1 0 1 1
1 0 0 0 1 1 0 0 1 1 0 0 0 1

